>MA0139.1_CTCF
0.0952909297221	0.318729162194	0.0832427897359	0.502737118348
0.182913765986	0.158817486013	0.45344927295	0.204819475052
0.307776307661	0.0536700824969	0.491784263815	0.146769346027
0.06133708067	0.876229457921	0.0230020898046	0.0394313716041
0.00876337891181	0.989043859611	1.09528545329e-06	0.00219166619204
0.814893472537	0.0142398061783	0.0711946497496	0.0996720715353
0.0438125134172	0.578311814625	0.365826436686	0.0120492352717
0.117325143311	0.474779715878	0.0526324445945	0.355262696216
0.933111038987	0.0120624470945	0.0350886618918	0.019737852027
0.00548954779562	1.09769002112e-06	0.991215186761	0.00329416775338
0.365531874723	0.00329416775338	0.621293649644	0.0098803078801
0.0592763588305	0.0131733779435	0.553236868334	0.374313394892
0.0131878541193	1.09889626859e-06	0.978018777939	0.00879226904497
0.0615392899372	0.00879226904497	0.851645707052	0.078022733966
0.114412037791	0.806378189755	0.00550162595544	0.0737081464988
0.409240223365	0.0143024673159	0.557754421323	0.0187028879961
0.0903090735283	0.530835767243	0.338105338743	0.0407498204854
0.128855159228	0.354625089757	0.0803972229197	0.436122528095
0.4427304285	0.199339430223	0.292951352637	0.0649787886397
